3137610,49227,SG1573214147,,,888,09,New,01,0
3137610,31431,SG1573195833,,,888,09,New,01,0
3137610,49172,SG1573190808,,,888,09,New,01,0
3137610,47284,SG1573234213,,,888,09,New,01,0
3137610,47284,SG1573234213,,,888,09,New,01,0
3137610,49253,SG1573235527,,,888,09,New,01,0
3137610,49127,SG1573133850,,,888,09,New,01,0
3137610,49253,SG1573235527,,,888,09,New,01,0
3137610,26756,SG1573116476,,,888,09,New,01,0
3137610,21314,SG1573099175,,,888,09,New,01,0
3137610,48555,SG1573091500,,,888,09,New,01,0
3137610,29857,SG1573080147,,,888,09,New,01,0
3137610,31703,SG1573060612,,,888,09,New,01,0
3137610,49054,SG1573061589,,,888,09,New,01,0
3137610,28045,SG1573047340,,,888,09,New,01,0
3137610,5707,SG1573049290,,,888,09,New,01,0
3137610,48904,SG1573038463,,,888,09,New,01,0
3137610,49019,SG1573036660,,,888,09,New,01,0
3137610,45095,SG1573026302,,,888,09,New,01,0
3137610,48752,SG1573003763,,,888,09,New,01,0
3137610,48694,SG1572972581,,,888,09,New,01,0
3137610,48894,SG1572973521,,,888,09,New,01,0
3137610,47284,SG1573234213,,,888,09,New,01,0
3137610,49253,SG1573235527,,,888,09,New,01,0
3137610,49227,SG1573214147,,,888,09,New,01,0
3137610,31431,SG1573195833,,,888,09,New,01,0
3137610,49172,SG1573190808,,,888,09,New,01,0
3137610,49127,SG1573133850,,,888,09,New,01,0
3137610,26756,SG1573116476,,,888,09,New,01,0
3137610,21314,SG1573099175,,,888,09,New,01,0
3137610,48555,SG1573091500,,,888,09,New,01,0
3137610,29857,SG1573080147,,,888,09,New,01,0
3137610,31703,SG1573060612,,,888,09,New,01,0
3137610,49054,SG1573061589,,,888,09,New,01,0
3137610,5707,SG1573049290,,,888,09,New,01,0
3137610,28045,SG1573047340,,,888,09,New,01,0
3137610,49019,SG1573036660,,,888,09,New,01,0
3137610,48904,SG1573038463,,,888,09,New,01,0
3137610,48056,SG1573262313,,,888,09,New,01,0
3137610,45095,SG1573026302,,,888,09,New,01,0
3137610,48056,SG1573262313,,,888,09,New,01,0
3137610,48056,SG1573262313,,,888,09,New,01,0
3137610,48752,SG1573003763,,,888,09,New,01,0
3137610,47909,SG1573264925,,,888,09,New,01,0
3137610,47909,SG1573264925,,,888,09,New,01,0
3137610,47909,SG1573264925,,,888,09,New,01,0
3137610,48694,SG1572972581,,,888,09,New,01,0
3137610,48894,SG1572973521,,,888,09,New,01,0
3137610,47909,SG1573264925,,,888,09,New,01,0
3137610,48056,SG1573262313,,,888,09,New,01,0
3137610,47284,SG1573234213,,,888,09,New,01,0
3137610,49253,SG1573235527,,,888,09,New,01,0
3137610,49227,SG1573214147,,,888,09,New,01,0
3137610,31431,SG1573195833,,,888,09,New,01,0
3137610,49172,SG1573190808,,,888,09,New,01,0
3137610,49127,SG1573133850,,,888,09,New,01,0
3137610,7586,SG1573277912,,,888,09,New,01,0
3137610,7586,SG1573277912,,,888,09,New,01,0
3137610,7586,SG1573277912,,,888,09,New,01,0
3137610,26756,SG1573116476,,,888,09,New,01,0
3137610,7586,SG1573277912,,,888,09,New,01,0
3137610,49239,SG1573280497,,,888,09,New,01,0
3137610,21314,SG1573099175,,,888,09,New,01,0
3137610,49239,SG1573280497,,,888,09,New,01,0
3137610,49239,SG1573280497,,,888,09,New,01,0
3137610,48555,SG1573091500,,,888,09,New,01,0
3137610,49239,SG1573280497,,,888,09,New,01,0
3137610,29857,SG1573080147,,,888,09,New,01,0
3137610,31703,SG1573060612,,,888,09,New,01,0
3137610,49054,SG1573061589,,,888,09,New,01,0
3137610,5707,SG1573049290,,,888,09,New,01,0
3137610,28045,SG1573047340,,,888,09,New,01,0
3137610,48904,SG1573038463,,,888,09,New,01,0
3137610,49019,SG1573036660,,,888,09,New,01,0
3137610,45095,SG1573026302,,,888,09,New,01,0
3137610,7586,SG1573277912,,,888,09,Delete,01,0
3137610,48752,SG1573003763,,,888,09,New,01,0
3137610,48647,SG1572882357,,,888,09,Delete,01,0
3137610,48694,SG1572972581,,,888,09,New,01,0
3137610,48894,SG1572973521,,,888,09,New,01,0
3137610,49239,SG1573280497,,,888,09,New,01,0
3137610,7586,SG1573277912,,,888,09,New,01,0
3137610,47909,SG1573264925,,,888,09,New,01,0
3137610,48056,SG1573262313,,,888,09,New,01,0
3137610,47284,SG1573234213,,,888,09,New,01,0
3137610,49253,SG1573235527,,,888,09,New,01,0
3137610,49239,SG1573280497,,,888,09,Delete,01,0
3137610,49227,SG1573214147,,,888,09,New,01,0
3137610,31431,SG1573195833,,,888,09,New,01,0
3137610,49172,SG1573190808,,,888,09,New,01,0
3137610,49127,SG1573133850,,,888,09,New,01,0
3137610,26756,SG1573116476,,,888,09,New,01,0
3137610,21314,SG1573099175,,,888,09,New,01,0
3137610,48555,SG1573091500,,,888,09,New,01,0
3137610,29857,SG1573080147,,,888,09,New,01,0
3137610,31703,SG1573060612,,,888,09,New,01,0
3137610,49054,SG1573061589,,,888,09,New,01,0
3137610,5707,SG1573049290,,,888,09,New,01,0