3137610,35393,SG1578397130,,,888,10,New,01,0
3137610,48624,SG1578583535,,,888,10,New,01,0
3137610,54008,SG1578574563,,,888,10,New,01,0
3137610,53998,SG1578561508,,,888,10,New,01,0
3137610,14718,SG1578541219,,,888,10,New,01,0
3137610,53968,SG1578536221,,,888,10,New,01,0
3137610,53546,SG1578488461,,,888,10,New,01,0
3137610,53930,SG1578476913,,,888,10,New,01,0
3137610,53803,SG1578462636,,,888,10,New,01,0
3137610,53887,SG1578399444,,,888,10,New,01,0
3137610,35393,SG1578397130,,,888,10,New,01,0
3137610,53868,SG1578380081,,,888,10,New,01,0
3137610,14465,SG1578374606,,,888,10,New,01,0
3137610,48001,SG1578374917,,,888,10,New,01,0
3137610,53773,SG1578364688,,,888,10,New,01,0
3137610,48624,SG1578583535,,,888,10,New,01,0
3137610,54008,SG1578574563,,,888,10,New,01,0
3137610,53998,SG1578561508,,,888,10,New,01,0
3137610,14718,SG1578541219,,,888,10,New,01,0
3137610,53968,SG1578536221,,,888,10,New,01,0
3137610,48204,SG1578607858,,,888,10,New,01,0
3137610,48204,SG1578607858,,,888,10,New,01,0
3137610,48204,SG1578607858,,,888,10,New,01,0
3137610,53546,SG1578488461,,,888,10,New,01,0
3137610,53930,SG1578476913,,,888,10,New,01,0
3137610,53803,SG1578462636,,,888,10,New,01,0
3137610,52505,SG1576600137,,,888,10,Delete,01,0
3137610,53887,SG1578399444,,,888,10,New,01,0
3137610,35393,SG1578397130,,,888,10,New,01,0
3137610,53868,SG1578380081,,,888,10,New,01,0
3137610,14465,SG1578374606,,,888,10,New,01,0
3137610,48001,SG1578374917,,,888,10,New,01,0
3137610,53773,SG1578364688,,,888,10,New,01,0
3137610,48204,SG1578607858,,,888,10,New,01,0
3137610,48624,SG1578583535,,,888,10,New,01,0
3137610,54008,SG1578574563,,,888,10,New,01,0
3137610,53998,SG1578561508,,,888,10,New,01,0
3137610,14718,SG1578541219,,,888,10,New,01,0
3137610,53968,SG1578536221,,,888,10,New,01,0
3137610,24301,SG1578632289,,,888,10,New,01,0
3137610,24301,SG1578632289,,,888,10,Delete,01,0
3137610,24301,SG1578632289,,,888,10,New,01,0
3137610,24301,SG1578632289,,,888,10,New,01,0
3137610,53546,SG1578488461,,,888,10,New,01,0
3137610,24301,SG1578632289,,,888,10,New,01,0
3137610,53930,SG1578476913,,,888,10,New,01,0
3137610,53803,SG1578462636,,,888,10,New,01,0
3137610,53887,SG1578399444,,,888,10,New,01,0
3137610,35393,SG1578397130,,,888,10,New,01,0
3137610,53868,SG1578380081,,,888,10,New,01,0
3137610,14465,SG1578374606,,,888,10,New,01,0
3137610,48001,SG1578374917,,,888,10,New,01,0
3137610,53773,SG1578364688,,,888,10,New,01,0
3137610,24301,SG1578632289,,,888,10,New,01,0
3137610,48204,SG1578607858,,,888,10,New,01,0
3137610,48624,SG1578583535,,,888,10,New,01,0
3137610,54008,SG1578574563,,,888,10,New,01,0
3137610,53998,SG1578561508,,,888,10,New,01,0
3137610,54084,SG1578656686,,,888,10,New,01,0
3137610,54084,SG1578656686,,,888,10,New,01,0
3137610,54084,SG1578656686,,,888,10,New,01,0
3137610,54084,SG1578656686,,,888,10,New,01,0
3137610,54084,SG1578656686,,,888,10,New,01,0
3137610,14718,SG1578541219,,,888,10,New,01,0
3137610,53968,SG1578536221,,,888,10,New,01,0
3137610,53546,SG1578488461,,,888,10,New,01,0
3137610,53930,SG1578476913,,,888,10,New,01,0
3137610,53998,SG1578561508,,,888,10,Delete,01,0
3137610,53803,SG1578462636,,,888,10,New,01,0